{
 "cells": [
  {
   "cell_type": "code",
   "execution_count": 1,
   "metadata": {},
   "outputs": [
    {
     "name": "stdout",
     "output_type": "stream",
     "text": [
      "Requirement already satisfied: seaborn in c:\\users\\ptsai\\anaconda3\\lib\\site-packages (0.10.1)\n",
      "Requirement already satisfied: scipy>=1.0.1 in c:\\users\\ptsai\\anaconda3\\lib\\site-packages (from seaborn) (1.5.0)\n",
      "Requirement already satisfied: matplotlib>=2.1.2 in c:\\users\\ptsai\\anaconda3\\lib\\site-packages (from seaborn) (3.2.2)\n",
      "Requirement already satisfied: numpy>=1.13.3 in c:\\users\\ptsai\\anaconda3\\lib\\site-packages (from seaborn) (1.18.5)\n",
      "Requirement already satisfied: pandas>=0.22.0 in c:\\users\\ptsai\\anaconda3\\lib\\site-packages (from seaborn) (1.0.5)\n",
      "Requirement already satisfied: cycler>=0.10 in c:\\users\\ptsai\\anaconda3\\lib\\site-packages (from matplotlib>=2.1.2->seaborn) (0.10.0)\n",
      "Requirement already satisfied: pyparsing!=2.0.4,!=2.1.2,!=2.1.6,>=2.0.1 in c:\\users\\ptsai\\anaconda3\\lib\\site-packages (from matplotlib>=2.1.2->seaborn) (2.4.7)\n",
      "Requirement already satisfied: kiwisolver>=1.0.1 in c:\\users\\ptsai\\anaconda3\\lib\\site-packages (from matplotlib>=2.1.2->seaborn) (1.2.0)\n",
      "Requirement already satisfied: python-dateutil>=2.1 in c:\\users\\ptsai\\anaconda3\\lib\\site-packages (from matplotlib>=2.1.2->seaborn) (2.8.1)\n",
      "Requirement already satisfied: pytz>=2017.2 in c:\\users\\ptsai\\anaconda3\\lib\\site-packages (from pandas>=0.22.0->seaborn) (2020.1)\n",
      "Requirement already satisfied: six in c:\\users\\ptsai\\anaconda3\\lib\\site-packages (from cycler>=0.10->matplotlib>=2.1.2->seaborn) (1.15.0)\n"
     ]
    }
   ],
   "source": [
    "import pandas as pd\n",
    "import numpy as np\n",
    "!pip install seaborn\n",
    "import seaborn as sns\n",
    "import matplotlib\n",
    "import matplotlib.pyplot as plt"
   ]
  },
  {
   "cell_type": "code",
   "execution_count": 16,
   "metadata": {},
   "outputs": [
    {
     "data": {
      "text/html": [
       "<div>\n",
       "<style scoped>\n",
       "    .dataframe tbody tr th:only-of-type {\n",
       "        vertical-align: middle;\n",
       "    }\n",
       "\n",
       "    .dataframe tbody tr th {\n",
       "        vertical-align: top;\n",
       "    }\n",
       "\n",
       "    .dataframe thead th {\n",
       "        text-align: right;\n",
       "    }\n",
       "</style>\n",
       "<table border=\"1\" class=\"dataframe\">\n",
       "  <thead>\n",
       "    <tr style=\"text-align: right;\">\n",
       "      <th></th>\n",
       "      <th>fixed acidity</th>\n",
       "      <th>volatile acidity</th>\n",
       "      <th>citric acid</th>\n",
       "      <th>residual sugar</th>\n",
       "      <th>chlorides</th>\n",
       "      <th>free sulfur dioxide</th>\n",
       "      <th>total sulfur dioxide</th>\n",
       "      <th>density</th>\n",
       "      <th>pH</th>\n",
       "      <th>sulphates</th>\n",
       "      <th>alcohol</th>\n",
       "      <th>quality</th>\n",
       "      <th>type</th>\n",
       "    </tr>\n",
       "  </thead>\n",
       "  <tbody>\n",
       "    <tr>\n",
       "      <th>0</th>\n",
       "      <td>7.4</td>\n",
       "      <td>0.70</td>\n",
       "      <td>0.00</td>\n",
       "      <td>1.9</td>\n",
       "      <td>0.076</td>\n",
       "      <td>11.0</td>\n",
       "      <td>34.0</td>\n",
       "      <td>0.9978</td>\n",
       "      <td>3.51</td>\n",
       "      <td>0.56</td>\n",
       "      <td>9.4</td>\n",
       "      <td>5</td>\n",
       "      <td>1</td>\n",
       "    </tr>\n",
       "    <tr>\n",
       "      <th>1</th>\n",
       "      <td>7.8</td>\n",
       "      <td>0.88</td>\n",
       "      <td>0.00</td>\n",
       "      <td>2.6</td>\n",
       "      <td>0.098</td>\n",
       "      <td>25.0</td>\n",
       "      <td>67.0</td>\n",
       "      <td>0.9968</td>\n",
       "      <td>3.20</td>\n",
       "      <td>0.68</td>\n",
       "      <td>9.8</td>\n",
       "      <td>5</td>\n",
       "      <td>1</td>\n",
       "    </tr>\n",
       "    <tr>\n",
       "      <th>2</th>\n",
       "      <td>7.8</td>\n",
       "      <td>0.76</td>\n",
       "      <td>0.04</td>\n",
       "      <td>2.3</td>\n",
       "      <td>0.092</td>\n",
       "      <td>15.0</td>\n",
       "      <td>54.0</td>\n",
       "      <td>0.9970</td>\n",
       "      <td>3.26</td>\n",
       "      <td>0.65</td>\n",
       "      <td>9.8</td>\n",
       "      <td>5</td>\n",
       "      <td>1</td>\n",
       "    </tr>\n",
       "    <tr>\n",
       "      <th>3</th>\n",
       "      <td>11.2</td>\n",
       "      <td>0.28</td>\n",
       "      <td>0.56</td>\n",
       "      <td>1.9</td>\n",
       "      <td>0.075</td>\n",
       "      <td>17.0</td>\n",
       "      <td>60.0</td>\n",
       "      <td>0.9980</td>\n",
       "      <td>3.16</td>\n",
       "      <td>0.58</td>\n",
       "      <td>9.8</td>\n",
       "      <td>6</td>\n",
       "      <td>1</td>\n",
       "    </tr>\n",
       "    <tr>\n",
       "      <th>4</th>\n",
       "      <td>7.4</td>\n",
       "      <td>0.70</td>\n",
       "      <td>0.00</td>\n",
       "      <td>1.9</td>\n",
       "      <td>0.076</td>\n",
       "      <td>11.0</td>\n",
       "      <td>34.0</td>\n",
       "      <td>0.9978</td>\n",
       "      <td>3.51</td>\n",
       "      <td>0.56</td>\n",
       "      <td>9.4</td>\n",
       "      <td>5</td>\n",
       "      <td>1</td>\n",
       "    </tr>\n",
       "  </tbody>\n",
       "</table>\n",
       "</div>"
      ],
      "text/plain": [
       "   fixed acidity  volatile acidity  citric acid  residual sugar  chlorides  \\\n",
       "0            7.4              0.70         0.00             1.9      0.076   \n",
       "1            7.8              0.88         0.00             2.6      0.098   \n",
       "2            7.8              0.76         0.04             2.3      0.092   \n",
       "3           11.2              0.28         0.56             1.9      0.075   \n",
       "4            7.4              0.70         0.00             1.9      0.076   \n",
       "\n",
       "   free sulfur dioxide  total sulfur dioxide  density    pH  sulphates  \\\n",
       "0                 11.0                  34.0   0.9978  3.51       0.56   \n",
       "1                 25.0                  67.0   0.9968  3.20       0.68   \n",
       "2                 15.0                  54.0   0.9970  3.26       0.65   \n",
       "3                 17.0                  60.0   0.9980  3.16       0.58   \n",
       "4                 11.0                  34.0   0.9978  3.51       0.56   \n",
       "\n",
       "   alcohol  quality type  \n",
       "0      9.4        5    1  \n",
       "1      9.8        5    1  \n",
       "2      9.8        5    1  \n",
       "3      9.8        6    1  \n",
       "4      9.4        5    1  "
      ]
     },
     "execution_count": 16,
     "metadata": {},
     "output_type": "execute_result"
    }
   ],
   "source": [
    "#  Read the CSV and Perform Basic Data Cleaning\n",
    "df1 = pd.read_csv('data/winequality-red.csv', sep=';')\n",
    "df2 = pd.read_csv('data/winequality-white.csv', sep=';')\n",
    "# Drop the null columns where all values are null\n",
    "df1 = df1.dropna(axis='columns', how='all')\n",
    "df2 = df2.dropna(axis='columns', how='all')\n",
    "# Drop the null rows\n",
    "df1 = df1.dropna()\n",
    "df2 = df2.dropna()\n",
    "\n",
    "# add a year column and set it to 2015 for every row\n",
    "df1[\"type\"] = \"1\"\n",
    "df2[\"type\"] = \"0\"\n",
    "\n",
    "# Merge two dataframes\n",
    "# df = df1.merge(df2, how='outer')\n",
    "frames = [df1, df2]\n",
    "\n",
    "df = pd.concat(frames)\n",
    "\n",
    "# pick white/red\n",
    "# df = df2 # pick white\n",
    "df.head()"
   ]
  },
  {
   "cell_type": "code",
   "execution_count": 22,
   "metadata": {},
   "outputs": [],
   "source": [
    "#export to csv\n",
    "df.to_csv( \"data/combined_wine.csv\", index=False, encoding='utf-8-sig')"
   ]
  },
  {
   "cell_type": "code",
   "execution_count": 17,
   "metadata": {},
   "outputs": [
    {
     "data": {
      "text/html": [
       "<div>\n",
       "<style scoped>\n",
       "    .dataframe tbody tr th:only-of-type {\n",
       "        vertical-align: middle;\n",
       "    }\n",
       "\n",
       "    .dataframe tbody tr th {\n",
       "        vertical-align: top;\n",
       "    }\n",
       "\n",
       "    .dataframe thead th {\n",
       "        text-align: right;\n",
       "    }\n",
       "</style>\n",
       "<table border=\"1\" class=\"dataframe\">\n",
       "  <thead>\n",
       "    <tr style=\"text-align: right;\">\n",
       "      <th></th>\n",
       "      <th>fixed acidity</th>\n",
       "      <th>volatile acidity</th>\n",
       "      <th>citric acid</th>\n",
       "      <th>residual sugar</th>\n",
       "      <th>chlorides</th>\n",
       "      <th>free sulfur dioxide</th>\n",
       "      <th>total sulfur dioxide</th>\n",
       "      <th>density</th>\n",
       "      <th>pH</th>\n",
       "      <th>sulphates</th>\n",
       "      <th>alcohol</th>\n",
       "      <th>quality</th>\n",
       "    </tr>\n",
       "  </thead>\n",
       "  <tbody>\n",
       "    <tr>\n",
       "      <th>fixed acidity</th>\n",
       "      <td>1.000000</td>\n",
       "      <td>0.219008</td>\n",
       "      <td>0.324436</td>\n",
       "      <td>-0.111981</td>\n",
       "      <td>0.298195</td>\n",
       "      <td>-0.282735</td>\n",
       "      <td>-0.329054</td>\n",
       "      <td>0.458910</td>\n",
       "      <td>-0.252700</td>\n",
       "      <td>0.299568</td>\n",
       "      <td>-0.095452</td>\n",
       "      <td>-0.076743</td>\n",
       "    </tr>\n",
       "    <tr>\n",
       "      <th>volatile acidity</th>\n",
       "      <td>0.219008</td>\n",
       "      <td>1.000000</td>\n",
       "      <td>-0.377981</td>\n",
       "      <td>-0.196011</td>\n",
       "      <td>0.377124</td>\n",
       "      <td>-0.352557</td>\n",
       "      <td>-0.414476</td>\n",
       "      <td>0.271296</td>\n",
       "      <td>0.261454</td>\n",
       "      <td>0.225984</td>\n",
       "      <td>-0.037640</td>\n",
       "      <td>-0.265699</td>\n",
       "    </tr>\n",
       "    <tr>\n",
       "      <th>citric acid</th>\n",
       "      <td>0.324436</td>\n",
       "      <td>-0.377981</td>\n",
       "      <td>1.000000</td>\n",
       "      <td>0.142451</td>\n",
       "      <td>0.038998</td>\n",
       "      <td>0.133126</td>\n",
       "      <td>0.195242</td>\n",
       "      <td>0.096154</td>\n",
       "      <td>-0.329808</td>\n",
       "      <td>0.056197</td>\n",
       "      <td>-0.010493</td>\n",
       "      <td>0.085532</td>\n",
       "    </tr>\n",
       "    <tr>\n",
       "      <th>residual sugar</th>\n",
       "      <td>-0.111981</td>\n",
       "      <td>-0.196011</td>\n",
       "      <td>0.142451</td>\n",
       "      <td>1.000000</td>\n",
       "      <td>-0.128940</td>\n",
       "      <td>0.402871</td>\n",
       "      <td>0.495482</td>\n",
       "      <td>0.552517</td>\n",
       "      <td>-0.267320</td>\n",
       "      <td>-0.185927</td>\n",
       "      <td>-0.359415</td>\n",
       "      <td>-0.036980</td>\n",
       "    </tr>\n",
       "    <tr>\n",
       "      <th>chlorides</th>\n",
       "      <td>0.298195</td>\n",
       "      <td>0.377124</td>\n",
       "      <td>0.038998</td>\n",
       "      <td>-0.128940</td>\n",
       "      <td>1.000000</td>\n",
       "      <td>-0.195045</td>\n",
       "      <td>-0.279630</td>\n",
       "      <td>0.362615</td>\n",
       "      <td>0.044708</td>\n",
       "      <td>0.395593</td>\n",
       "      <td>-0.256916</td>\n",
       "      <td>-0.200666</td>\n",
       "    </tr>\n",
       "    <tr>\n",
       "      <th>free sulfur dioxide</th>\n",
       "      <td>-0.282735</td>\n",
       "      <td>-0.352557</td>\n",
       "      <td>0.133126</td>\n",
       "      <td>0.402871</td>\n",
       "      <td>-0.195045</td>\n",
       "      <td>1.000000</td>\n",
       "      <td>0.720934</td>\n",
       "      <td>0.025717</td>\n",
       "      <td>-0.145854</td>\n",
       "      <td>-0.188457</td>\n",
       "      <td>-0.179838</td>\n",
       "      <td>0.055463</td>\n",
       "    </tr>\n",
       "    <tr>\n",
       "      <th>total sulfur dioxide</th>\n",
       "      <td>-0.329054</td>\n",
       "      <td>-0.414476</td>\n",
       "      <td>0.195242</td>\n",
       "      <td>0.495482</td>\n",
       "      <td>-0.279630</td>\n",
       "      <td>0.720934</td>\n",
       "      <td>1.000000</td>\n",
       "      <td>0.032395</td>\n",
       "      <td>-0.238413</td>\n",
       "      <td>-0.275727</td>\n",
       "      <td>-0.265740</td>\n",
       "      <td>-0.041385</td>\n",
       "    </tr>\n",
       "    <tr>\n",
       "      <th>density</th>\n",
       "      <td>0.458910</td>\n",
       "      <td>0.271296</td>\n",
       "      <td>0.096154</td>\n",
       "      <td>0.552517</td>\n",
       "      <td>0.362615</td>\n",
       "      <td>0.025717</td>\n",
       "      <td>0.032395</td>\n",
       "      <td>1.000000</td>\n",
       "      <td>0.011686</td>\n",
       "      <td>0.259478</td>\n",
       "      <td>-0.686745</td>\n",
       "      <td>-0.305858</td>\n",
       "    </tr>\n",
       "    <tr>\n",
       "      <th>pH</th>\n",
       "      <td>-0.252700</td>\n",
       "      <td>0.261454</td>\n",
       "      <td>-0.329808</td>\n",
       "      <td>-0.267320</td>\n",
       "      <td>0.044708</td>\n",
       "      <td>-0.145854</td>\n",
       "      <td>-0.238413</td>\n",
       "      <td>0.011686</td>\n",
       "      <td>1.000000</td>\n",
       "      <td>0.192123</td>\n",
       "      <td>0.121248</td>\n",
       "      <td>0.019506</td>\n",
       "    </tr>\n",
       "    <tr>\n",
       "      <th>sulphates</th>\n",
       "      <td>0.299568</td>\n",
       "      <td>0.225984</td>\n",
       "      <td>0.056197</td>\n",
       "      <td>-0.185927</td>\n",
       "      <td>0.395593</td>\n",
       "      <td>-0.188457</td>\n",
       "      <td>-0.275727</td>\n",
       "      <td>0.259478</td>\n",
       "      <td>0.192123</td>\n",
       "      <td>1.000000</td>\n",
       "      <td>-0.003029</td>\n",
       "      <td>0.038485</td>\n",
       "    </tr>\n",
       "    <tr>\n",
       "      <th>alcohol</th>\n",
       "      <td>-0.095452</td>\n",
       "      <td>-0.037640</td>\n",
       "      <td>-0.010493</td>\n",
       "      <td>-0.359415</td>\n",
       "      <td>-0.256916</td>\n",
       "      <td>-0.179838</td>\n",
       "      <td>-0.265740</td>\n",
       "      <td>-0.686745</td>\n",
       "      <td>0.121248</td>\n",
       "      <td>-0.003029</td>\n",
       "      <td>1.000000</td>\n",
       "      <td>0.444319</td>\n",
       "    </tr>\n",
       "    <tr>\n",
       "      <th>quality</th>\n",
       "      <td>-0.076743</td>\n",
       "      <td>-0.265699</td>\n",
       "      <td>0.085532</td>\n",
       "      <td>-0.036980</td>\n",
       "      <td>-0.200666</td>\n",
       "      <td>0.055463</td>\n",
       "      <td>-0.041385</td>\n",
       "      <td>-0.305858</td>\n",
       "      <td>0.019506</td>\n",
       "      <td>0.038485</td>\n",
       "      <td>0.444319</td>\n",
       "      <td>1.000000</td>\n",
       "    </tr>\n",
       "  </tbody>\n",
       "</table>\n",
       "</div>"
      ],
      "text/plain": [
       "                      fixed acidity  volatile acidity  citric acid  \\\n",
       "fixed acidity              1.000000          0.219008     0.324436   \n",
       "volatile acidity           0.219008          1.000000    -0.377981   \n",
       "citric acid                0.324436         -0.377981     1.000000   \n",
       "residual sugar            -0.111981         -0.196011     0.142451   \n",
       "chlorides                  0.298195          0.377124     0.038998   \n",
       "free sulfur dioxide       -0.282735         -0.352557     0.133126   \n",
       "total sulfur dioxide      -0.329054         -0.414476     0.195242   \n",
       "density                    0.458910          0.271296     0.096154   \n",
       "pH                        -0.252700          0.261454    -0.329808   \n",
       "sulphates                  0.299568          0.225984     0.056197   \n",
       "alcohol                   -0.095452         -0.037640    -0.010493   \n",
       "quality                   -0.076743         -0.265699     0.085532   \n",
       "\n",
       "                      residual sugar  chlorides  free sulfur dioxide  \\\n",
       "fixed acidity              -0.111981   0.298195            -0.282735   \n",
       "volatile acidity           -0.196011   0.377124            -0.352557   \n",
       "citric acid                 0.142451   0.038998             0.133126   \n",
       "residual sugar              1.000000  -0.128940             0.402871   \n",
       "chlorides                  -0.128940   1.000000            -0.195045   \n",
       "free sulfur dioxide         0.402871  -0.195045             1.000000   \n",
       "total sulfur dioxide        0.495482  -0.279630             0.720934   \n",
       "density                     0.552517   0.362615             0.025717   \n",
       "pH                         -0.267320   0.044708            -0.145854   \n",
       "sulphates                  -0.185927   0.395593            -0.188457   \n",
       "alcohol                    -0.359415  -0.256916            -0.179838   \n",
       "quality                    -0.036980  -0.200666             0.055463   \n",
       "\n",
       "                      total sulfur dioxide   density        pH  sulphates  \\\n",
       "fixed acidity                    -0.329054  0.458910 -0.252700   0.299568   \n",
       "volatile acidity                 -0.414476  0.271296  0.261454   0.225984   \n",
       "citric acid                       0.195242  0.096154 -0.329808   0.056197   \n",
       "residual sugar                    0.495482  0.552517 -0.267320  -0.185927   \n",
       "chlorides                        -0.279630  0.362615  0.044708   0.395593   \n",
       "free sulfur dioxide               0.720934  0.025717 -0.145854  -0.188457   \n",
       "total sulfur dioxide              1.000000  0.032395 -0.238413  -0.275727   \n",
       "density                           0.032395  1.000000  0.011686   0.259478   \n",
       "pH                               -0.238413  0.011686  1.000000   0.192123   \n",
       "sulphates                        -0.275727  0.259478  0.192123   1.000000   \n",
       "alcohol                          -0.265740 -0.686745  0.121248  -0.003029   \n",
       "quality                          -0.041385 -0.305858  0.019506   0.038485   \n",
       "\n",
       "                       alcohol   quality  \n",
       "fixed acidity        -0.095452 -0.076743  \n",
       "volatile acidity     -0.037640 -0.265699  \n",
       "citric acid          -0.010493  0.085532  \n",
       "residual sugar       -0.359415 -0.036980  \n",
       "chlorides            -0.256916 -0.200666  \n",
       "free sulfur dioxide  -0.179838  0.055463  \n",
       "total sulfur dioxide -0.265740 -0.041385  \n",
       "density              -0.686745 -0.305858  \n",
       "pH                    0.121248  0.019506  \n",
       "sulphates            -0.003029  0.038485  \n",
       "alcohol               1.000000  0.444319  \n",
       "quality               0.444319  1.000000  "
      ]
     },
     "execution_count": 17,
     "metadata": {},
     "output_type": "execute_result"
    }
   ],
   "source": [
    "df.corr()"
   ]
  },
  {
   "cell_type": "code",
   "execution_count": 18,
   "metadata": {},
   "outputs": [
    {
     "data": {
      "text/html": [
       "<div>\n",
       "<style scoped>\n",
       "    .dataframe tbody tr th:only-of-type {\n",
       "        vertical-align: middle;\n",
       "    }\n",
       "\n",
       "    .dataframe tbody tr th {\n",
       "        vertical-align: top;\n",
       "    }\n",
       "\n",
       "    .dataframe thead th {\n",
       "        text-align: right;\n",
       "    }\n",
       "</style>\n",
       "<table border=\"1\" class=\"dataframe\">\n",
       "  <thead>\n",
       "    <tr style=\"text-align: right;\">\n",
       "      <th></th>\n",
       "      <th>fixed acidity</th>\n",
       "      <th>volatile acidity</th>\n",
       "      <th>citric acid</th>\n",
       "      <th>residual sugar</th>\n",
       "      <th>chlorides</th>\n",
       "      <th>free SO2</th>\n",
       "      <th>total SO2</th>\n",
       "      <th>density</th>\n",
       "      <th>pH</th>\n",
       "      <th>sulphates</th>\n",
       "      <th>alcohol</th>\n",
       "      <th>quality</th>\n",
       "    </tr>\n",
       "  </thead>\n",
       "  <tbody>\n",
       "    <tr>\n",
       "      <th>fixed acidity</th>\n",
       "      <td>1.000000</td>\n",
       "      <td>0.219008</td>\n",
       "      <td>0.324436</td>\n",
       "      <td>-0.111981</td>\n",
       "      <td>0.298195</td>\n",
       "      <td>-0.282735</td>\n",
       "      <td>-0.329054</td>\n",
       "      <td>0.458910</td>\n",
       "      <td>-0.252700</td>\n",
       "      <td>0.299568</td>\n",
       "      <td>-0.095452</td>\n",
       "      <td>-0.076743</td>\n",
       "    </tr>\n",
       "    <tr>\n",
       "      <th>volatile acidity</th>\n",
       "      <td>0.219008</td>\n",
       "      <td>1.000000</td>\n",
       "      <td>-0.377981</td>\n",
       "      <td>-0.196011</td>\n",
       "      <td>0.377124</td>\n",
       "      <td>-0.352557</td>\n",
       "      <td>-0.414476</td>\n",
       "      <td>0.271296</td>\n",
       "      <td>0.261454</td>\n",
       "      <td>0.225984</td>\n",
       "      <td>-0.037640</td>\n",
       "      <td>-0.265699</td>\n",
       "    </tr>\n",
       "    <tr>\n",
       "      <th>citric acid</th>\n",
       "      <td>0.324436</td>\n",
       "      <td>-0.377981</td>\n",
       "      <td>1.000000</td>\n",
       "      <td>0.142451</td>\n",
       "      <td>0.038998</td>\n",
       "      <td>0.133126</td>\n",
       "      <td>0.195242</td>\n",
       "      <td>0.096154</td>\n",
       "      <td>-0.329808</td>\n",
       "      <td>0.056197</td>\n",
       "      <td>-0.010493</td>\n",
       "      <td>0.085532</td>\n",
       "    </tr>\n",
       "    <tr>\n",
       "      <th>residual sugar</th>\n",
       "      <td>-0.111981</td>\n",
       "      <td>-0.196011</td>\n",
       "      <td>0.142451</td>\n",
       "      <td>1.000000</td>\n",
       "      <td>-0.128940</td>\n",
       "      <td>0.402871</td>\n",
       "      <td>0.495482</td>\n",
       "      <td>0.552517</td>\n",
       "      <td>-0.267320</td>\n",
       "      <td>-0.185927</td>\n",
       "      <td>-0.359415</td>\n",
       "      <td>-0.036980</td>\n",
       "    </tr>\n",
       "    <tr>\n",
       "      <th>chlorides</th>\n",
       "      <td>0.298195</td>\n",
       "      <td>0.377124</td>\n",
       "      <td>0.038998</td>\n",
       "      <td>-0.128940</td>\n",
       "      <td>1.000000</td>\n",
       "      <td>-0.195045</td>\n",
       "      <td>-0.279630</td>\n",
       "      <td>0.362615</td>\n",
       "      <td>0.044708</td>\n",
       "      <td>0.395593</td>\n",
       "      <td>-0.256916</td>\n",
       "      <td>-0.200666</td>\n",
       "    </tr>\n",
       "    <tr>\n",
       "      <th>free SO2</th>\n",
       "      <td>-0.282735</td>\n",
       "      <td>-0.352557</td>\n",
       "      <td>0.133126</td>\n",
       "      <td>0.402871</td>\n",
       "      <td>-0.195045</td>\n",
       "      <td>1.000000</td>\n",
       "      <td>0.720934</td>\n",
       "      <td>0.025717</td>\n",
       "      <td>-0.145854</td>\n",
       "      <td>-0.188457</td>\n",
       "      <td>-0.179838</td>\n",
       "      <td>0.055463</td>\n",
       "    </tr>\n",
       "    <tr>\n",
       "      <th>total SO2</th>\n",
       "      <td>-0.329054</td>\n",
       "      <td>-0.414476</td>\n",
       "      <td>0.195242</td>\n",
       "      <td>0.495482</td>\n",
       "      <td>-0.279630</td>\n",
       "      <td>0.720934</td>\n",
       "      <td>1.000000</td>\n",
       "      <td>0.032395</td>\n",
       "      <td>-0.238413</td>\n",
       "      <td>-0.275727</td>\n",
       "      <td>-0.265740</td>\n",
       "      <td>-0.041385</td>\n",
       "    </tr>\n",
       "    <tr>\n",
       "      <th>density</th>\n",
       "      <td>0.458910</td>\n",
       "      <td>0.271296</td>\n",
       "      <td>0.096154</td>\n",
       "      <td>0.552517</td>\n",
       "      <td>0.362615</td>\n",
       "      <td>0.025717</td>\n",
       "      <td>0.032395</td>\n",
       "      <td>1.000000</td>\n",
       "      <td>0.011686</td>\n",
       "      <td>0.259478</td>\n",
       "      <td>-0.686745</td>\n",
       "      <td>-0.305858</td>\n",
       "    </tr>\n",
       "    <tr>\n",
       "      <th>pH</th>\n",
       "      <td>-0.252700</td>\n",
       "      <td>0.261454</td>\n",
       "      <td>-0.329808</td>\n",
       "      <td>-0.267320</td>\n",
       "      <td>0.044708</td>\n",
       "      <td>-0.145854</td>\n",
       "      <td>-0.238413</td>\n",
       "      <td>0.011686</td>\n",
       "      <td>1.000000</td>\n",
       "      <td>0.192123</td>\n",
       "      <td>0.121248</td>\n",
       "      <td>0.019506</td>\n",
       "    </tr>\n",
       "    <tr>\n",
       "      <th>sulphates</th>\n",
       "      <td>0.299568</td>\n",
       "      <td>0.225984</td>\n",
       "      <td>0.056197</td>\n",
       "      <td>-0.185927</td>\n",
       "      <td>0.395593</td>\n",
       "      <td>-0.188457</td>\n",
       "      <td>-0.275727</td>\n",
       "      <td>0.259478</td>\n",
       "      <td>0.192123</td>\n",
       "      <td>1.000000</td>\n",
       "      <td>-0.003029</td>\n",
       "      <td>0.038485</td>\n",
       "    </tr>\n",
       "    <tr>\n",
       "      <th>alcohol</th>\n",
       "      <td>-0.095452</td>\n",
       "      <td>-0.037640</td>\n",
       "      <td>-0.010493</td>\n",
       "      <td>-0.359415</td>\n",
       "      <td>-0.256916</td>\n",
       "      <td>-0.179838</td>\n",
       "      <td>-0.265740</td>\n",
       "      <td>-0.686745</td>\n",
       "      <td>0.121248</td>\n",
       "      <td>-0.003029</td>\n",
       "      <td>1.000000</td>\n",
       "      <td>0.444319</td>\n",
       "    </tr>\n",
       "    <tr>\n",
       "      <th>quality</th>\n",
       "      <td>-0.076743</td>\n",
       "      <td>-0.265699</td>\n",
       "      <td>0.085532</td>\n",
       "      <td>-0.036980</td>\n",
       "      <td>-0.200666</td>\n",
       "      <td>0.055463</td>\n",
       "      <td>-0.041385</td>\n",
       "      <td>-0.305858</td>\n",
       "      <td>0.019506</td>\n",
       "      <td>0.038485</td>\n",
       "      <td>0.444319</td>\n",
       "      <td>1.000000</td>\n",
       "    </tr>\n",
       "  </tbody>\n",
       "</table>\n",
       "</div>"
      ],
      "text/plain": [
       "                  fixed acidity  volatile acidity  citric acid  \\\n",
       "fixed acidity          1.000000          0.219008     0.324436   \n",
       "volatile acidity       0.219008          1.000000    -0.377981   \n",
       "citric acid            0.324436         -0.377981     1.000000   \n",
       "residual sugar        -0.111981         -0.196011     0.142451   \n",
       "chlorides              0.298195          0.377124     0.038998   \n",
       "free SO2              -0.282735         -0.352557     0.133126   \n",
       "total SO2             -0.329054         -0.414476     0.195242   \n",
       "density                0.458910          0.271296     0.096154   \n",
       "pH                    -0.252700          0.261454    -0.329808   \n",
       "sulphates              0.299568          0.225984     0.056197   \n",
       "alcohol               -0.095452         -0.037640    -0.010493   \n",
       "quality               -0.076743         -0.265699     0.085532   \n",
       "\n",
       "                  residual sugar  chlorides  free SO2  total SO2   density  \\\n",
       "fixed acidity          -0.111981   0.298195 -0.282735  -0.329054  0.458910   \n",
       "volatile acidity       -0.196011   0.377124 -0.352557  -0.414476  0.271296   \n",
       "citric acid             0.142451   0.038998  0.133126   0.195242  0.096154   \n",
       "residual sugar          1.000000  -0.128940  0.402871   0.495482  0.552517   \n",
       "chlorides              -0.128940   1.000000 -0.195045  -0.279630  0.362615   \n",
       "free SO2                0.402871  -0.195045  1.000000   0.720934  0.025717   \n",
       "total SO2               0.495482  -0.279630  0.720934   1.000000  0.032395   \n",
       "density                 0.552517   0.362615  0.025717   0.032395  1.000000   \n",
       "pH                     -0.267320   0.044708 -0.145854  -0.238413  0.011686   \n",
       "sulphates              -0.185927   0.395593 -0.188457  -0.275727  0.259478   \n",
       "alcohol                -0.359415  -0.256916 -0.179838  -0.265740 -0.686745   \n",
       "quality                -0.036980  -0.200666  0.055463  -0.041385 -0.305858   \n",
       "\n",
       "                        pH  sulphates   alcohol   quality  \n",
       "fixed acidity    -0.252700   0.299568 -0.095452 -0.076743  \n",
       "volatile acidity  0.261454   0.225984 -0.037640 -0.265699  \n",
       "citric acid      -0.329808   0.056197 -0.010493  0.085532  \n",
       "residual sugar   -0.267320  -0.185927 -0.359415 -0.036980  \n",
       "chlorides         0.044708   0.395593 -0.256916 -0.200666  \n",
       "free SO2         -0.145854  -0.188457 -0.179838  0.055463  \n",
       "total SO2        -0.238413  -0.275727 -0.265740 -0.041385  \n",
       "density           0.011686   0.259478 -0.686745 -0.305858  \n",
       "pH                1.000000   0.192123  0.121248  0.019506  \n",
       "sulphates         0.192123   1.000000 -0.003029  0.038485  \n",
       "alcohol           0.121248  -0.003029  1.000000  0.444319  \n",
       "quality           0.019506   0.038485  0.444319  1.000000  "
      ]
     },
     "execution_count": 18,
     "metadata": {},
     "output_type": "execute_result"
    }
   ],
   "source": [
    "df = df.rename(columns={'free sulfur dioxide': 'free SO2', 'total sulfur dioxide': 'total SO2'})\n",
    "df.corr()"
   ]
  },
  {
   "cell_type": "code",
   "execution_count": 10,
   "metadata": {
    "scrolled": true
   },
   "outputs": [
    {
     "data": {
